start=1350.417014
volume=95.000000
border=yes
