start=1358.002956
volume=100.000000
border=yes
